202209280280011
202301020475462
202301110489881
202301130494365
202301170500598
202301200506519
202301230511759
202301240512606
202301260515549
202301260515875
202301280521016
202302020527929
202302030529375
202302050534061
202302070536948
202302080538309
202302080539067
202302100541488
202302110543244
202302130545973
202302200558647
202302220561189
202302240564135
202302250566273
202302250566510
202302280570149
202303010571841
202303030574944
202303040576618
202303040576680
202303070581387
202303080583751
202303090585745
202303170597763
202303210605198
202303230607878
202303240609225
202303270614161
202303290617056
202303300618357
202304120638538
202304180647453
202304180647481
202304240656434
202304240656894
202304250658435
202305050674511
202305060676126
202305060676138
202305060676157
202305080678599
202305080679234
202305080679239
202305080679244
202305080679248
202305100682027
202305110684230
202305120684667
202305130686624
202305130686632
202305150690771
202305150690901
202305230703708
202305240704158
202305270708794
202305310716416
202306010717811
202306020718741
202306060725153
202306100732124
202306140738193
202306210749383
202306210749999
202306220751514
202306240754492
202307020766448
202307060772407
202307090777466
202307160787532
202307190791579
202307210794507
202307250801157
202307250801257
202307290807051
202307310811299
202308010811911
202308010811989
202308010812171
202308060820305
202308090824370
202308150834028
202308160834972
202308170836860
202308200841161
202308200841191
202308210842823
202308220844119
202308240847176
202309060866974
202309060867035
202309060867067
202309060867105
202309060867174
202309060867352
202309090872209
202309170885134
202309200888565
202309200889657
202309210890891
202309240895676
202309250896528
202309250896558
202309270900489
202310020907608
202310040911657
202310120923599
202310120923798
202310190934226
202310230939615
202310230939993
202310240941467
202310250943562
202310260943958
202310300951325
202311010954571
202311020955937
202311050960322
202311090966094
202311100968298
202311200982787
202311270993681
202311270994932
202311290998228
202312100017217
202312130020865
202312190032632
202312250042022
202401120069046
202401180077714
202401180078428
202401190079598
202401200081255
202401270090909
202401270091477
202401290094067
202401300096392
202401310096587
202401310097575
202402010098704
202402010099125
202402010099133
202402060105838
202402130115382
202402130116194
202402140116898
202402150119147
202402160119839
202402160120030
202402170122021
202402190123878
202402190124464
202402190124809
202402200125532
202402200125925
202402200126027
202402230130341
202402230131046
202402230131078
202402260135323
202402270136704
202402280138010
202403020142747
202403060148852
202403090153148
202403110156833
202403120158312
202403150162044
202403150162109
202403160163411
202403180166221
202403220172912
202403230174074
202403300182411
202404080196367
202404120202543
202404150207331
202404160208785
202404170209908
202404170210291
202404180210818
202404180211001
202404220217157
202404230219881
202404250222595
202404270225468
202404270225838
202404290228420
202404290228435
202405050236746
202405050236922
202405060237699
202405090242848
202405090243250
202405100244504
202405100244708
202405210260822
202405220262670
202405220262900
202405230264145
202405240266001
202405250267442
202405300274287
202405300274512
202405300274757
202405310276218
202406060285416
202406070286736
202406070286793
202406110292489
202406120294154
202406130295462
202406170301753
202406210308708
202406220310076
202406240312414
202406240312500
202406240312831
202406240312984
202406240313135
202406290320205
202407020324613
202407030325578
202407040327469
202407050328576
202407080333609
202407110338289
202407120340107
202407130341264
202407170346957
202407180348598
202407200351935
202407220354045
202407220354307
202407230355716
202407250358650
202407250359647
202407260360687
202407270362190
202407300365921
202407310367897
202408010368863
202408030372547
202408050374584
202408050374737
202408050375111
202408060376827
202408080379505
202408100382300
202408120385039
202408130386839
202408170393246
202408170393891
202408260406445
202408290411372
202408310414915
202409030418641
202409040419357
202409050421412
202409060421873
202409090425840
202409090426273
202409200442174
202409200443023
202409240449696
202409250450462
202409260451677
202409260452626
202409270453536
202410040463613
202410040463826
202410100472909
202410120475339
202410120475359
202410120475618
202410120475992
202410150479223
202410230491208
202410240493636
202410240493679
202410260496488
202410280499133
202410280499385
202410310503583
202411010505558
202411020506897
202411120522264
202411130522699
202411130523535
202411140524547
202411140524585
202411150526039
202411150526371
202411150526492
202411150526541
202411180531472
202411190533686
202411200533998
202411230539826
202411250542034
202411250542529
202411270545302
202411270545689
202411280546824
202411290548313
202412020554057
202412030555488
202412030555723
202412050559574
202412110568856
202412110569464
202412120570175
202412170578907
202412180580687
202412180580806
202412210586400
202412210586539
202412270595992
202412270596262
202501030606034
202501030606045
202501070610736
202501070611008
202501100615753
202501130619411
202501160623470
202501170624955
202501180626451
202501180626552
202501210631717
202501220632270
202501220632473
202501230633849
202501240634813
202501250636596
202501270639351
202501280640686
202501300643470
202501310644479
202502040650083
202502060652721
202502060653042
202502070653874
202502110659845
202502110660003
202502120660600
202502120661041
202502140663888
202502140664128
202502170667445
202502180669086
202502180669429
202502180669454
202502190670574
202502190670956
202502220675155
202503030687783
202503110698430
202503110698478
202503110698916
202503130701432
202503140703419
202503170706670
202503170706904
202503180708335
202503200711339
202503200711974
202503210712781
202503260720024
202503270720767
202503270720830
202503280722666
202503280722860
202503310726877
202504020730305
202504030730652
202504040732194
202504050733802
202504050734117
202504050734270
202504080737668
202504090739569
202504120743916
202504140746389
202504140746697
202504160748830
202504160749127
202504160749461
202504220755874
202504220756120
202504220756433
202504230757425
202504240758438
202504240759035
202504250760247
202504250760445
202504250760630
202504260761622
202504260762267
202504280764573
202504290766058
202504300767150
202505020769699
202505020770241
202505030771575
202505030771597
202505030771850
202505050774323
202505090780475
202505120784529
202505120784865
202505130786042
202505140787164
202505160789982
202505190794052
202505190794526
202505190794584
202505210796579
202505210796653
202505210796809
202505210796844
202505220798238
202505220798347
202505220798702
202505230799495
202505230799779
202505240801700
202505240801782
202505260803848
202505270804971
202505270804974
202505270804982
202505270804985
202505270805006
202505270805083
202505270805241
202505270805708
202505280806457
202505290807627
202506030814297
202506030814344
202506030814891
202506050816914
202506060819857
202506070820472
202506100824478
202506110825513
202506110825763
202506110825954
202506120826895
202506120827094
202506120827107
202506130827848
202506180836287
202506210839785
202506230842182
202506240843502
202506250845496
202506250845507
202506260846472
202506260846740
202506270848675
202506280849711
202506280849849
202506280849873
202507010853726
202507010854049
202507020855483
202507020855625
202507030856586
202507030856800
202507030857005
202507040858250
202507070862485
202507070862723
202507110868082
202507120869606
202507150873146
202507150873335
202507150873338
202507150873396
202507160874624
202507160874841
202507160875023
202507160875242
202507170876247
202507210881728
202507220883293
202507220883335
202507230884102
202507230884508
202507230885295
202507240885466
202507240885470
202507240885516
202507240885586
202507240885636
202507240885905
202507240885951
202507250886884
202507250886891
202507250886898
202507250886961
202507250887004
202507260889027
202507260889044
202507260889051
202507270890175
202507280891473
202507280891891
202507290892862
202507290893220
202507290893297
202507300894792
202507310896056
202508010897145
202508010897329
202508010897483
202508010897546
202508020898863
202508020899008
202508040901699
202508040901877
202508080907067
202508080907073
202508080907189
202508080907354
202508080907372
202508080907394
202508080907516
202508080907805
202508080907869
202508090908942
202508090908945
202508090908959
202508090909082
202508090909153
202508090909219
202508110911999
202508110912157
202508120913083
202508120913126
202508120913190
202508120913300
202508120913501
202508120913547
202508140915819
202508140916302
202508150917282
202508150917443
202508150917587
202508150917771
202508160919066
202508160919092
202508200924313
202508200925063
202508200925237
202508210926300
202508210926410
202508220927587
202508230929090
202508230929139
202508260932888
202508260933072
202508260933327
202508260933359
202508270934258
202508270934269
202508270934298
202508270934414
202508280936573
202508290937450
202508290937959
202508300938964
202508300939330
202508300939381
202509010941686
202509030943964
202509040945621
202509050946709
202509050946766
202509060947782
202509060948354
202509080950638
202509080950667
202509090951754
202509090951827
202509090951946
202509090952045
202509100953164
202509110953894
202509110954561
202509120955238
202509120955239
202509130956440
202509150959417
202509150959488
202509160960059
202509160960109
202509160960296
202509160960472
202509170961328
202509170961373
202509170961487
202509170961694
202509180962479
202509190963692
202509190963768
202509190963903
202509190963946
202509200965584
202509220967999
202509220968014
202509220968412
202509230969223
202509240970526
202509240970858
202509240971068
202509250971779
202509250971791
202509250971945
202509250971952
202509250972374
202509260973058
202509260973104
202509260973167
202509260973178
202509260973278
202509260973351
202509260973522
202509260973588
202509260973589
202509260973686
202509260973718
202509260973741
202509260973790
202509260973916
202509270974714
202509270974726
202509270974857
202509270974978
202509270974981
202509270975118
202509270975136
202509270975312
202509290976949
202509290977501
202509290977569
202509290977649
202509300978510
202509300978812
202510010979808
202510010979860
202510010979912
202510010980075
202510010980125
202510020981020
202510020981039
202510020981129
202510020981466
202510020981551
202510060986434
202510060986601
202510060986617
202510070987214
202510070987565
202510070987829
202510080988442
202510080988586
202510080988624
202510080988976
202510080989131
202510090989586
202510090989890
202510100991191
202510100991250
202510100991280
202510100991436
202510100991488
202510110992111
202510110992152
202510110992260
202510110992328
202510110992400
202510110992404
202510110992641
202510140995196
202510140995447
202510140995662
202510140995797
202510140996079
202510150996771
202510150996832
202510150997167
202510150997210
202510160998524
202510160998647
202510160998665
202510170999754
202510170999963
202510180000885
202510200003871
202510200003916
202510200004230
202510210004349
202510210004364
202510210004663
202510210004683
202510210004833
202510210004886
202510210004994
202510210005019
202510210005162
202510210005186
202510220005681
202510220005986
202510220006110
202510220006240
202510220006263
202510230006886
202510230007146
202510230007550
202510240008080
202510240008176
202510240008180
202510240008454
202510240008929
202510250009569
202510250009602
202510280013241
202510280013515
202510280013578
202510290014228
202510290014350
202510290014764
202510300015493
202510300015608
202510300015722
202510300015738
202510300015759
202510300015810
202510310016733
202510310016742
202510310016749
202510310016762
202510310016792
202510310016956
202510310017059
202511010018419
202511010018553
202511030021039
202511040021587
202511040021652
202511050023156
202511050023218
202511050023309
202511050023320
202511050023379
202511050023640
202511060024410
202511060024473
202511060025069
202511080027282
202511080027344
202511100029877
202511100030059
202511100030281
202511100030327
202511110030763
202511110030796
202511110031122
202511110031149
202511110031284
202511120032162
202511120032180
202511120032243
202511120032445
202511130033374
202511130033843
202511140034750
202511140034887
202511140034935
202511140035049
202511140035083
202511140035175
202511140035217
202511150036200
202511150036247
202511150036295
202511150036363
202511180039389
202511180039398
202511180039420
202511180040037
202511180040125
202511190040978
202511190041004
202511190041095
202511190041467
202511190041598
202511200042371
202511200042673
202511200042701
202511200042765
202511200042774
202511200042814
202511200042940
202511200042954
202511210043699
202511210043886
202511210044142
202511210044817
202511240047903
202511240047944
202511240047997
202511240048065
202511240048135
202511240048699
202511250049392
202511250049687
202511250049817
202511250049858
202511250049930
202511260051269
202511260051343
202511260051375
202511260051415
202511260051436
202511260051520
202511260051802
202511260051805
202511270052155
202511270052176
202511270052304
202511270052532
202511270052705
202511270052719
202511270052745
202511280053343
202511280053446
202511280053527
202511280053875
202511280053936
202511280053992
202511280054234
202511290055119
202511290055146
202511290055279
202511290055368
202511290055515
202511290055612
202512010057674
202512010057733
202512010057768
202512010057797
202512010057820
202512010057856
202512010057894
202512010057924
202512010057973
202512010058210
202512010058519
202512020059160
202512020059252
202512020059317
202512030060480
202512030060520
202512030060532
202512030060571
202512030060733
202512030060881
202512030060906
202512040061778
202512040061944
202512040062003
202512050063373
202512050063399
202512050063440
202512060065110
202512060065157
202512060065190
202512060065343
202512060065574
202512070066751
202512080067795
202512080067807
202512080067842
202512080067853
202512080067861
202512080067898
202512080067980
202512090069003
202512090069111
202512100070602
202512100070618
202512100070746
202512100070785
202512100070847
202512100070966
202512100071157
202512110071946
202512110071965
202512110071978
202512110072005
202512110072031
202512110072045
202512110072084
202512110072148
202512110072235
202512110072268
202512120073540
202512130075118
202512130075214
202512130075667
202512150077735
202512150077800
202512150078142
202512150078301
202512150078322
202512150078420
202512150078478
202512150078494
202512160079623
202512160079755
202512160079948
202512170080541
202512170080571
202512170080684
202512170080991
202512170081082
202512180081898
202512180082236
202512180082333
202512180082436
202512180082504
202512190083419
202512190083477
202512190083495
202512190083602
202512190083644
202512200085106
202512200085350
202512200085433
202512200085447
202512200085496
202512200085531
202512220087641
202512220087711
202512220087780
202512220088089
202512220088430
202512230089113
202512230089131
202512230089434
202512230089526
202512230089690
202512230089736
202512230089792
202512230089911
202512240090877
202512240091080
202512240091151
202512240091188
202512260092442
202512260092475
202512260093181
202512260093221
202512290096292
202512290096454
202512290096571
202512290096575
202512290096630
202512290096712
202512290096892
202512290097052
202512290097220
202512300097865
202512300097879
202512300097944
202512300098065
202512300098393
202512300098456
202512310099195
202512310099239
202512310099657
202601020101065
202601020101120
202601030101723
202601030101792
202601030101847
202601030101880
202601030101885
202601030101913
202601030101997
202601050103470
202601050103492
202601050103743
202601050103825
202601050103832
202601050103904
202601050103926
202601050103962
202601050104036
202601060104784
202601060104806
202601060104931
202601060105450
202601070106006
202601080107619
202601080107881
202601090108220
202601090108641
202601090108714
202601100109301
202601100109318
202601100109352
202601100109430
202601100109588
202601100109750
202601120111286
202601120111321
202601120111335
202601120111438
202601120111454
202601120111456
202601120111507
202601130112086
202601130112148
202601130112348
202601130112409
202601130112578
202601130112958
202601130113251
202601140113561
202601140113571
202601140113639
202601140113756
202601140114056
202601150114803
202601150114864
202601150115029
202601150115391
202601160116172
202601160116179
202601160116209
202601160116223
202601160116390
202601160116501
202601160116703
202601160116729
202601170117333
202601170117353
202601170117377
202601170117639
202601170117711
202601170117759
202601170117920
202601190119332
202601190119337
202601190119369
202601190119552
202601190119665
202601190119703
202601190119771
202601190119968
202601190120025
202601200120662
202601200120673
202601200120689
202601200120850
202601200121051
202601200121150
202601200121170
202601200121187
202601200121231
202601210122061
202601210122075
202601210122127
202601210122151
202601210122155
202601210122253
202601210122362
202601220123150
202601220123160
202601220123178
202601220123203
202601220123370
202601220123451
202601220123604
202601230124358
202601230124384
202601230124416
202601230124482
202601230124591
202601230124627
202601240125654
202601240125705
202601240125718
202601240125740
202601240125760
202601240125782
202601240125890
202601240125930
202601240125975
202601260127709
202601260127782
202601260127813
202601260127872
202601260128144
202601260128159
202601260128170
202601260128205
202601260128345
202601260128372
202601270128951
202601270128964
202601270129362
202601270129708
202601280130448
202601280130990
202601290131667
202601290131731
202601290131799
202601290131880
202601290131908
202601290131965
202601290132247
202601300132750
202601300132833
202601300133284
202601300133304
202601310134148
202601310134153
202601310134180
202601310134239
202601310134269
202601310134393
202601310134435
202601310134505
202601310134523
202601310134573
202601310134623
202601310134958
202602020136243
202602020136276
202602020136302
202602020136342
202602020136376
202602020136576
202602020136586
202602020136705
202602020136731
202602020136886
202602020137155
202602030137640
202602030137673
202602030138029
202602030138158
202602040139035
202602040139095
202602040139408
202602040139488
202602040139714
202602050140189
202602050140269
202602050140448
202602050140503
202602050140700
202602060141312
202602060141408
202602060141443
202602060141562
202602060141855
202602070143111
202602090144682
202602090144812
202602090144832
202602090144988
202602090145015
202602090145054
202602090145263
202602090145424
202602100145995
202602100146040
202602100146181
202602100146212
202602100146228
202602100146318
202602100146399
202602100146530
202602100146559
202602100146667
202602110147240
202602110147281
202602110147346
202602110147386
202602110147503
202602110147596
202602110147610
202602110147634
202602110147670
202602110147719
202602110147834
202602110147874
202602110148056
202602120148432
202602120148756
202602120148850
202602120148897
202602120148931
202602120148943
202602120148959
202602120149001
202602120149051
202602120149148
202602130150200
202602130150251
202602130150378
202602130150537
202602130150553
202602130150621
202602130150684
202602140151476
202602140151515
202602140151578
202602140151591
202602140151696
202602160153113
202602160153716
202602160153764
202602160153862
202602170154840
202602170154900
202602170155107
202602170155194
202602170155205
202602170155236
202602170155291
202602180155817
202602180156026
202602180156243
202602180156304
202602180156455
202602180156481
202602180156517
202602180156549
202602190157007
202602190157058
202602190157103
202602190157135
202602190157157
202602190157170
202602190157237
202602190157253
202602190157292
202602190157328
202602190157347
202602190157484
202602190157500
202602190157527
202602190157597
202602190157622
202602190157786
202602200158142
202602200158182
202602200158237
202602200158351
202602200158674
202602200158730
202602200158797
202602200159195
202602210159554
202602210159919
202602210160050
202602210160145
202602210160245
202602220160722
202602230161476
202602230161500
202602230161642
202602230161696
202602230161801
202602230162107
202602230162168
202602230162194
202602230162232
202602230162270
202602230162328
202602240162805
202602240162820
202602240163014
202602240163212
202602240163255
202602250164111
202602250164368
202602250164384
202602250164445
202602250164484
202602250164523
202602260165340
202602260165403
202602260165404
202602260165476
202602260165583
202602260165603
202602260165628
202602260165659
202602260165698
202602260165735
202602260165853
202602270166527
202602270166682
202602270166689
202602270166707
202602270166712
202602270166744
202602270166752
202602270166756
202602270166759
202602270166771
202602270166837
202602270166844
202602270166876
202602270166919
202602280168481
202602280168513
202602280168801
202602280168841
202603020170279
202603020170442
202603020170550
202603020170559
202603020170687
202603020170763
202603020170803
202603020170893
202603020170910
202603020170920
202603020171226
202603030171882
202603030172004
202603030172031
202603030172278
202603030172335
202603030172388
202603030172508
202603040173058
202603040173244
202603040173760
202603050174201
202603050174430
202603050174496
202603050174519
202603050174528
202603050174574
202603050174658
202603050174723
202603050174849
202603050174863
202603050174915
202603060175108
202603060175375
202603060175589
202603060175657
202603060175679
202603060175711
202603060175733
202603060175883
202603060175908
202603060176133
202603060176159
202603070176621
202603070176659
202603070176677
202603070176902
202603070176920
202603070176933
202603070177006
202603070177032
202603090178339
202603090178359
202603090178406
202603090178477
202603090178507
202603090178675
202603090178758
202603090178797
202603090178848
202603100179742
202603100179785
202603100179872
202603100180081
202603100180166
202603100180190
202603100180254
202603100180255
202603100180278
202603100180298
202603100180321
202603100180368
202603110180788
202603110180819
202603110180852
202603110180858
202603110180876
202603110180909
202603110180934
202603110180950
202603110180960
202603110181011
202603110181029
202603110181059
202603110181129
202603120182047
202603120182084
202603120182141
202603120182159
202603120182198
202603120182261
202603120182368
202603120182401
202603120182626
202603120182644
202603130183318
202603130183338
202603130183416
202603130183528
202603130183559
202603130183585
202603130183674
202603130183697
202603130183720
202603130183752
202603130183795
202603130183852
202603130183860
202603130183913
202603160186940
202603160186991
202603160187057
202603160187127
202603160187158
202603160187174
202603160187287
202603160187331
202603160187399
202603160187435
202603160187490
202603160187517
202603160187541
202603160187587
202603160187606
202603160187625
202603160187688
202603160187753
202603160187768
202603160187875
202603170188537
202603170188682
202603170188739
202603170188745
202603170188762
202603170188797
202603170189244
202603170189249
202603170189264
202603170189287
202603180189374
202603180189376
202603180189479
202603180190243
202603190190642
202603200192285
202603200192354
202603200192420
202603200192480
202603200192502
202603200192514
202603200192517
202603200192578
202603200192596
202603200192616
202603200192694
202603200192726
202603200192767
202603200192776
202603200192856
202603200192860
202603200192877
202603200192944
202603200192964
202603200193057
202603200193070
202603200193107
202603210193328
202603210193338
202603210193395
202603210193450
202603210193502
202603210193531
202603210193577
202603210193659
202603220194882
202603220194904
202603220195083
202603220195086
202603220195143
202603220195182
202603220195267
202603220195274
202603220195281
202603220195302
202603220195311
202603230196119
202603240196338
202603240196395
202603240196409
202603240196438
202603240196468
202603240196502
202603240196534
202603240196632
202603240196636
202603240196750
202603240196822
202603240196856
202603240196927
202603240196954
202603240197051
202603240197072
202603240197240
202603240197277
202603240197304
202603240197328
202603250198345
202603250198428
202603250198441
202603250198534
202603250198652
202603250198667
202603250198703
202603250198722
202603250198750
202603250198773
202603250198817
202603250198830
202603250198853
202603250198907
202603250198960
202603250198986
202603250199018
202603250199032
202603250199041
202603260199391
202603260199460
202603260199471
202603260199480
202603260199550
202603260199584
202603260199727
202603260199745
202603260199959
202603260199986
202603260199997
202603260200052
202603260200076
202603260200095
202603260200337
202603270201118
202603270201264
202603270201275
202603270201518
202603270201651
202603280201974
202603280202784
202603280202866
202603290203693
202603290203739
202603290203751
202603290203912
202603290203932
202603290203993
202603300204716
202603300204767
202603300204780
202603300204949
202603310205711
202603310206121
202604010206837
202604010207036
202604010207051
202604010207201
202604010207238
202604010207427
202604010207479
202604010207497
202604010207517
202604010207560
202604010207566
202604010207625
202604010207647
202604020207883
202604020207900
202604020207952
202604020207984
202604020208047
202604030208620
202604030208631
202604030208669
202604030208678
202604030208744
202604030208771
202604030208778
202604040209269
202604040209283
202604040209364
202604040209388
202604040209402
202604040209427
202604040209468
202604040209573
202604040209677
202604040209700
202604040209718
202604060211263
202604060211311
202604060211345
202604060211364
202604060211395
202604060211455
202604060211472
202604060211508
202604060211621
202604060211658
202604070212508
202604070212677
202604070212779
202604070212901
202604070213100
202604070213265
202604070213380
202604080213978
202604080214019
202604080214253
202604080214489
202604080214535
202604090215207
202604090215234
202604090215257
202604090215274
202604090215347
202604090215477
202604090215567
202604090215594
202604090215619
202604090215678
202604100216299
202604100216317
202604100216339
202604100216367
202604100216397
202604100216448
202604100216673
202604100216693
202604100216831
202604100216878
202604100216916
202604100216948
202604110217615
202604110218205
202604110218231
202604120219021
202604120219189
202604130219754
202604130219928
202604130220040
202604130220602
202604130220785
202604140221313
202604140221357
202604140221373
202604140221380
202604140221393
202604140221450
202604140221492
202604140221568
202604140221613
202604140221645
202604140221759
202604140221870
202604140222019
202604150222386
202604150222578
202604150223063
202604150223082
202604150223108
202604150223195
202604150223213
202604150223223
202604150223253
202604150223271
202604160223968
202604160223970
202604160224006
202604160224120
202604160224137
202604160224140
202604160224150
202604160224158
202604160224250
202604160224295
202604160224320
202604160224407
202604160224487
202604160224499
202604160224556
202604160224638
202604170225074
202604170225148
202604170225197
202604170225277
202604170225493
202604170225509
202604170225553
202604170225611
202604170225665
202604170225854
202604170225866
202604170225887
202604170225980
202604170226067
202604170226094
202604170226182
202604190228223
202604190228246
202604190228271
202604190228280
202604190228306
202604190228318
202604190228344
202604190228398
202604190228434
202604190228445
202604190228454
202604190228474
202604190228533
202604190228549
202604200229265
202604200229379
202604200229396
202604200229420
202604200229455
202604200229538
202604200229564
202604200229584
202604200229701
202604200229741
202604200229827
202604200229852
202604200229867
202604200229886
202604200229889
202604200229924
202604200229941
202604200229961
202604200229970
202604200229974
202604210230378
202604210230552
202604210230674
202604210230702
202604210230791
202604210230808
202604210230841
202604210230929
202604210230955
202604210230988
202604210231005
202604210231104
202604210231118
202604210231151
202604210231183
202604210231193
202604210231199
202604210231217
202604210231224
202604210231242
202604210231266
202604210231306
202604210231342
202604220231642
202604220231684
202604220231710
202604220232045
202604220232061
202604220232074
202604220232136
202604220232334
202604220232353
202604220232388
202604220232398
202604220232416
202604220232435
202604220232465
202604220232537
202604220232564
202604220232576
202604220232581
202604220232617
202604230232769
202604230232949
202604230232953
202604230233020
202604230233119
202604230233191
202604230233222
202604230233243
202604230233297
202604230233359
202604230233439
202604230233475
202604230233526
202604230233544
202604230233581
202604240234184
202604240234248
202604240234331
202604240234461
202604240234512
202604240234544
202604240234568
202604240234586
202604240235004
202604240235075
202604240235110
202604240235130
202604250235592
202604250235705
202604250236040
202604260237256
202604260237380
202604260237395
202604260237408
202604260237437
202604260237454
202604260237473
202604260237483
202604270238103
202604270238290
202604270238304
202604270238327
202604270238375
202604270238401
202604270238444
202604270238491
202604270238514
202604270238539
202604270238570
202604270238604
202604270238660
202604270238794
202604270238824
202604270238897
202604270238921
202604270238931
202604280239237
202604280239449
202604280239518
202604280239531
202604280239567
202604280239588
202604280239787
202604280240167
202604280240232
202604280240281
202604280240295
202604290240555
202604290240634
202604290241132
202604290241246
202604290241284
202604290241363
202604290241429
202604290241443
202604290241457
202604300241678
202604300241851
202604300241879
202604300241932
202604300242018
202604300242085
202604300242194
202604300242413
202604300242544
202604300242568
202604300242589
202604300242630
202604300242709
202604300242732
202604300242765
202604300242777
202604300242799
202604300242822
202604300242827
202604300242878
202604300242925
202605020244140
202605020244206
202605020244374
202605030245846
202605030246004
202605030246067
202605040246510
202605040246534
202605040246541
202605040246549
202605040246561
202605040246891
202605040246938
202605040246974
202605040247039
202605040247057
202605040247076
202605040247144
202605040247163
202605040247182
202605040247292
202605040247328
202605040247345
202605040247390
202605040247485
202605050247797
202605050248085
202605050248231
202605050248266
202605050248292
202605050248389
202605050248651
202605060249205
202605060249441
202605060249503
202605060249546
202605060249577
202605060249813
202605060249838
202605060249976
202605070250410
202605070250435
202605070250469
202605070250504
202605070250549
202605070250690
202605070250695
202605070250811
202605070250834
202605070250862
202605070250889
202605070250917
202605070250933
202605070250967
202605070251009
202605070251035
202605070251074
202605080251984
202605080252109
202605080252152
202605080252184
202605080252231
202605080252288
202605080252391
202605080252404
202605080252475
202605080252505
202605080252539
202605080252563
202605080252574
202605080252683
202605090253476
202605090253720
202605090253771
202605090253784
202605090253866
202605090253892
202605090254046
202605110255310
202605110255351
202605110255397
202605110255439
202605110255488
202605110255534
202605110255616
202605110255647
202605110255690
202605110255755
202605110255920
202605110255972
202605110255994
202605110256040
202605110256369
202605120256752
202605120256786
202605120256851
202605120257159
202605120257228
202605120257277
202605120257319
202605120257482
202605130257980
202605130258000
202605130258020
202605130258135
202605130258156
202605130258202
202605130258238
202605130258265
202605130258305
202605130258312
202605130258349
202605130258542
202605130258607
202605130258877
202605140259735
202605140259816
202605140259835
202605140259874
202605140259885
202605140259909
202605140259971
202605140259990
202605140260014
202605140260047
202605140260196
202605140260214
202605140260228
202605140260260
202605140260286
202605140260302
202605150260716
202605150261220
202605150261245
202605150261256
202605150261295
202605150261300
202605150261324
202605150261388
202605150261390
202605150261491
202605150261509
202605150261588
202605160262204
202605160262562
202605160262566
202605160262578
202605160262588
202605160262602
202605160262614
202605160262650
202605160262683
202605160262695
202605160262784
202605160262798
202605180264349
202605180264517
202605180264533
202605180264539
202605180264551
202605180264591
202605180264638
202605180264651
202605190265080
202605190265228
202605190266135
202605200266888
202605200266924
202605200267060
202605200267080
202605200267192
202605200267239
202605200267346
202605200267359
202605210268175
202605210268274
202605210268382
202605210268450
202605210268487
202605210268526
202605210268567
202605210268594
202605210268622
202605210268663
202605210268694
202605210268724
202605220269248
202605220269281
202605220269314
202605220269385
202605220269460
202605220269618
202605220269783
202605220269802
202605220269955
202605230270865
202605240272078
202605240272319
202605240272344
202605240272380
202605240272396
202605240272427
202605250272854
202605250272891
202605250273026
202605250273099
202605250273127
202605250273162
202605250273281
202605250273318
202605250273344
202605250273365
202605250273482
202605260273946
202605260274125
202605260274136
202605260274165
202605260274365
202605260274435
202605260274489
202605260274502
202605260274519
202605260274527
202605260274541
202605260274563
202605260274627
202605260274707
202605260274748
202605260274766
202605260274780
202605260274828
202605260274862
202605260274958
202605260274976
202605260274996
202605260275007
202605260275031
202605260275039
202605260275059
202605260275064
202605260275075
202605260275117
202605260275126
202605260275134
202605260275151
202605270275597
202605270275627
202605270275731
202605270275854
202605270275877
202605270275900
202605270275960
202605270276211
202605270276236
202605270276255
202605270276265
202605270276274
202605270276292
202605270276308
202605270276330
202605270276335
202605270276360
202605280276592
202605280276627
202605280276680
202605280276814
202605280277112
202605280277437
202605280277461
202605280277501
202605280277511
202605280277550
202605280277572
202605290277785
202605290277869
202605290278122
202605290278385
202605290278441
202605290278713
202605290278783
202605300279455
202605310280144
202605310280147
202605310280151
202605310280154
202605310280156
202605310280160
202605310280180
202605310280192
202605310280202
202605310280240
202605310280323
202606010281153
202606010281165
202606010281275
202606010281623
202606010281665
202606010281767
202606010281793
202606010281803
202606010281810
202606010281916
202606010281940
202606020282307
202606020282440
202606020282452
202606020282544
202606020282700
202606020282716
202606020282778
202606020282933
202606020282967
202606020283067
202606020283114
202606020283131
202606020283170
202606030283311
202606030283335
202606030283341
202606030283761
202606030283774
202606030283787
202606030283865
202606030283885
202606030283903
202606030283990
202606030284042
202606030284092
202606030284188
202606040285081
202606040285565
202606040285576
202606050285962
202606050286135
202606050286307
202606050286491
202606060287587
202606060287692
202606060287947
202606060287961
202606060288003
202606060288025
202606060288073
202606090290580
202606090290939
202606090291183
202606090291296
202606090291303
202606090291339
202606090291352
202606090291382
202606090291470
202606090291478
202606090291551
202606090291560
202606090291774
202606090291788
202606090291881
202606090291889
202606090291899
202606100291983
202606100292103
202606100292264
202606100292283
202606100292376
202606100292475
202606100292503
202606100292527
202606100292713
202606100292929
202606110293471
202606110293931
202606110293989
202606110294012
202606110294116
202606110294140
202606110294325
202606110294371
202606110294405
202606110294431
202606110294451
202606110294476
202606110294547
202606120294833
202606120294854
202606120294895
202606120295223
202606120295266
202606120295341
202606130296257
202606130296510
202606140297556
202606140297573
202606140297644
202606140297703
202606140297718
202606140297800
202606140297845
202606140297894
202606150298405
202606150298503
202606150298511
202606150298523
202606150298598
202606150298622
202606150298637
202606160299269
202606160299493
202606160299749
202606160299792
202606160299863
202606160299878
202606160300103
202606160300131
202606160300178
202606160300203
202606160300231
202606160300327
202606160300447
202606160300510
202606170300757
202606170301062
202606170301150
202606170301224
202606170301265
202606170301302
202606170301309
202606170301385
202606170301537
202606170301574
202606170301600
202606170301607
202606170301700
202606170301716
202606170301745
202606170301836
202606180302177
202606180302186
202606180302213
202606180302221
202606180302261
202606180302373
202606180302625
202606180302716
202606180302726
202606180302848
202606180302943
202606180303000
202606180303021
202606180303038
202606180303079
202606180303138
202606180303154
202606180303168
202606180303215
202606180303238
202606190303782
202606190303903
202606190303932
202606190304011
202606190304016
202606190304045
202606190304140
202606190304312
202606190304373
202606190304472
202606190304552
202606200304947
202606200304953
202606200305405
202606200305415
202606200305422
202606200305496
202606200305535
202606200305539
202606200305719
202606200305746
202606200305781
202606200305789
